40 10
-200 -200 10 -40 25 25
-200 -150 20 -30 -25 25
-200 -100 30 -20 25 -25
-200 -50 40 10 -25 -25
-200 0 50 40 -25 -25
-200 50 10 30 25 25
-200 100 20 -20 -25 -25
-200 150 30 -10 25 25
-100 -200 40 -40 25 -25
-100 -150 50 30 -25 25
-100 -100 10 20 25 -25
-100 -50 20 10 25 25
-100 0 30 -40 25 25
-100 50 40 -30 25 -25
-100 100 50 -20 -25 25
-100 150 10 10 -25 -25
0 -200 20 40 -25 -25
0 -150 30 30 25 25
0 -100 40 -20 25 25
0 -50 50 -10 25 -25
0 0 10 -40 -25 -25
0 50 20 30 -25 25
0 100 30 20 25 25
0 150 40 10 25 -25
100 -200 50 -40 -25 25
100 -150 10 -30 -25 -25
100 -100 20 -20 25 25
100 -50 30 10 25 25
100 0 40 40 25 0
100 50 50 30 0 25
100 100 10 -20 0 -25
100 150 20 -10 -25 -25
200 -200 30 -40 25 25
200 -150 40 30 25 0
200 -100 50 20 0 25
200 -50 10 10 -25 -25
200 0 20 -40 -25 25
200 50 30 -30 25 25
200 100 40 -20 25 -25
200 150 50 10 -25 -25
