40 10
-200 -200 10 -40
-200 -150 20 -30
-200 -100 30 -20
-200 -50 40 10
-200 0 50 40
-200 50 10 30
-200 100 20 -20
-200 150 30 -10
-100 -200 40 -40
-100 -150 50 30
-100 -100 10 20
-100 -50 20 10
-100 0 30 -40
-100 50 40 -30
-100 100 50 -20
-100 150 10 10
0 -200 20 40
0 -150 30 30
0 -100 40 -20
0 -50 50 -10
0 0 10 -40
0 50 20 30
0 100 30 20
0 150 40 10
100 -200 50 -40
100 -150 10 -30
100 -100 20 -20
100 -50 30 10
100 0 40 40
100 50 50 30
100 100 10 -20
100 150 20 -10
200 -200 30 -40
200 -150 40 30
200 -100 50 20
200 -50 10 10
200 0 20 -40
200 50 30 -30
200 100 40 -20
200 150 50 10
